520120241014029986001
222520241000264725001
222520241000264731001
222520241000225486001
222520241000169283001
222520241000266901001
224820241000123831001
222520241000230576001
222520241000169283001
224820241000123831001
222520241000220162001
222520241000262172001
222520241000225484001
222520241000194246001
222520241000266905001
222520241000262171001
222520241000246402001
520120251015000060001
222520251000011861001
224820241000128216001
520120241014031595001
520120251015003285001
520120241014032260001
224820241000128216001
222520241000169283001
222520241000246402001
520120251015000810001
520120241014028545001
222520241000239524001
224820241000078330001
222520241000163986001
222520241000194246001
520120241014033619001
222520241000270598001
222520251000004478001
520120251015002784001
222520251000004476001
222520251000004479001
520120251015003465001
222520241000269135001
222520251000004481001
22520231000230882001
