222520241000239521001
222520241000276503001
222520241000225482001
222520241000225487001
222520241000153555001
222520241000137351001
222520241000257633001
020220241000009240001
222520241000130954001
222520241000132050001
520120241014016651001
021720241000037815001
222520241000236844001
222520241000186148001
222520251000001705001
222520241000248056001
222520241000188995001
520120241014020428001
520120241014031127001
222520241000130954001
222520241000225482001
222520241000236844001
222520241000201471001
222520251000004747001
222520241000132050001
800720241074010789001
222520251000023478001
520120241014015964001
222520241000153555001
